% -------------------------------------------------------------------
%  Generated by MATLAB on 1-Jun-2022 16:33:34
%  MATLAB version: 9.10.0.1851785 (R2021a) Update 6
% -------------------------------------------------------------------
                                         

Position_storage = struct;
Position_storage.Red = struct;
Position_storage.Red.X = ...
  [0.078490748900463925 0 0 0 0 0 0;
   -0.14160324448913111 -0.049572307843604724 0.12708300072520992 0 0 0 ...
   0;
   -0.27157787377661163 -0.20182258283986637 -0.10634227096077699 0.048525204061919937 ...
   0 0 0;
   -0.37215450602130229 -0.30994030328141381 -0.23070086145651506 -0.12513068019242732 ...
   0.044207338161135111 0 0;
   -0.45597476566310996 -0.39644723094061213 -0.32358159546482551 -0.23266896174672444 ...
   -0.11132586814638003 0.10678216745830364 0;
   -0.52822091878882982 -0.46869829447830874 -0.39813136114620756 -0.3135156344249258 ...
   -0.20797697259670342 -0.061121896669658671 0;
   -0.59138527368032068 -0.52990747874252764 -0.45929417119146188 -0.37726504619144469 ...
   -0.27901154079820384 -0.15302076809051285 0.0499859200990351;
   -0.64643227421234584 -0.58139905329097474 -0.5091959536765388 -0.42771137003577658 ...
   -0.33297424363263062 -0.21676008945412273 -0.054434792366532522;
   -0.62328641003273344 -0.54856621140117323 -0.46648547704422505 -0.3732914885966841 ...
   -0.26219124059014348 -0.1162498375777507 0;
   -0.65477765533194343 -0.57731612637156482 -0.49417897981862507 -0.40149598471752612 ...
   -0.29308567320354412 -0.15527223637806487 0;
   -0.67454045864903067 -0.59493539199982293 -0.510868815105908 -0.41825451853521306 ...
   -0.31113343840230134 -0.17725387432785519 0;
   -0.6008842036628036 -0.51645247029269337 -0.42382031113568408 -0.3170789405401413 ...
   -0.18438303533059774 0 0;
   -0.67454045864903067 -0.59493539199982293 -0.510868815105908 -0.41825451853521306 ...
   -0.31113343840230134 -0.17725387432785519 0;
   -0.65477765533194343 -0.57731612637156482 -0.49417897981862507 -0.40149598471752612 ...
   -0.29308567320354412 -0.15527223637806487 0;
   -0.62328641003273344 -0.54856621140117323 -0.46648547704422505 -0.3732914885966841 ...
   -0.26219124059014348 -0.1162498375777507 0;
   -0.64643227421234584 -0.58139905329097474 -0.5091959536765388 -0.42771137003577658 ...
   -0.33297424363263062 -0.21676008945412273 -0.054434792366532522;
   -0.59138527368032068 -0.52990747874252764 -0.45929417119146188 -0.37726504619144469 ...
   -0.27901154079820384 -0.15302076809051285 0.0499859200990351;
   -0.52822091878882982 -0.46869829447830874 -0.39813136114620756 -0.3135156344249258 ...
   -0.20797697259670342 -0.061121896669658671 0;
   -0.45597476566310996 -0.39644723094061213 -0.32358159546482551 -0.23266896174672444 ...
   -0.11132586814638003 0.10678216745830364 0;
   -0.37215450602130229 -0.30994030328141381 -0.23070086145651506 -0.12513068019242732 ...
   0.044207338161135111 0 0;
   -0.27157787377661163 -0.20182258283986637 -0.10634227096077699 0.048525204061919937 ...
   0 0 0;
   -0.14160324448913111 -0.049572307843604724 0.12708300072520992 0 0 0 ...
   0;
   0.078490748900463925 0 0 0 0 0 0];
Position_storage.Red.Z = ...
  [-0.12914851440826922 0 0 0 0 0 0;
   -0.031147893091569411 -0.077606350910947919 -0.14238184107600749 0 0 ...
   0 0;
   0.038115006213386052 0.00097753000030033452 -0.049502944336502347 -0.11903370925601538 ...
   0 0 0;
   0.088172973459990187 0.057915795871910543 0.016451058436103165 -0.039786051111986041 ...
   -0.11746414751217649 0 0;
   0.12320986517913864 0.099126747790600628 0.064776879140110641 0.017502499912164002 ...
   -0.046941591530162037 -0.13735685373267448 0;
   0.1455634435709153 0.12775542375045904 0.099864536107933291 0.059724492124420374 ...
   0.0042794148117395675 -0.072074838684885761 0;
   0.15698816571742835 0.14597603798865905 0.12441834465360993 0.090523742090328235 ...
   0.042001398835270945 -0.02510904800516426 -0.11955852667623298;
   0.15935403780028756 0.15576457968830729 0.14053907023566314 0.11231467916400005 ...
   0.069434622529717827 0.0089891923775578877 -0.075290820322378632;
   0.15929172088395394 0.15016609924800148 0.12698191064896727 0.0886980038252953 ...
   0.033179981423454109 -0.044399102796648091 0;
   0.15903111902237949 0.15519807407823663 0.13611481885448781 0.10132963703365482 ...
   0.049298666564871779 -0.023914081850700819 0;
   0.15751883351380158 0.15736682441418084 0.14100746879651566 0.10844319967004758 ...
   0.058520174583554761 -0.012192524522075769 0;
   0.1579339306852009 0.14253431690789742 0.11073471576986624 0.061519876623784726 ...
   -0.0083753026802587047 0 0;
   0.15751883351380158 0.15736682441418084 0.14100746879651566 0.10844319967004758 ...
   0.058520174583554761 -0.012192524522075769 0;
   0.15903111902237949 0.15519807407823663 0.13611481885448781 0.10132963703365482 ...
   0.049298666564871779 -0.023914081850700819 0;
   0.15929172088395394 0.15016609924800148 0.12698191064896727 0.0886980038252953 ...
   0.033179981423454109 -0.044399102796648091 0;
   0.15935403780028756 0.15576457968830729 0.14053907023566314 0.11231467916400005 ...
   0.069434622529717827 0.0089891923775578877 -0.075290820322378632;
   0.15698816571742835 0.14597603798865905 0.12441834465360993 0.090523742090328235 ...
   0.042001398835270945 -0.02510904800516426 -0.11955852667623298;
   0.1455634435709153 0.12775542375045904 0.099864536107933291 0.059724492124420374 ...
   0.0042794148117395675 -0.072074838684885761 0;
   0.12320986517913864 0.099126747790600628 0.064776879140110641 0.017502499912164002 ...
   -0.046941591530162037 -0.13735685373267448 0;
   0.088172973459990187 0.057915795871910543 0.016451058436103165 -0.039786051111986041 ...
   -0.11746414751217649 0 0;
   0.038115006213386052 0.00097753000030033452 -0.049502944336502347 -0.11903370925601538 ...
   0 0 0;
   -0.031147893091569411 -0.077606350910947919 -0.14238184107600749 0 0 ...
   0 0;
   -0.12914851440826922 0 0 0 0 0 0];
